0.2598411
0.2624203
0.215878
0.1810168
0.1362593
0.1423384
0.1566358
0.1692103
0.1577878
0.1560628
0.1243602
0.130485
0.1337771
0.11385
0.1111722
0.08620595
0.0772238
0.09202413
0.09167679
0.1084274
0.1093072
0.1216584
0.1023799
0.09488518
0.09184089
0.09157855
0.07814536
0.08168016
0.08808463
0.0924483
0.08665472
0.07801251
0.09122652
0.09094095
0.08963009
0.1067047
0.1300006
0.1073164
0.1419361
0.1213752
0.1410077
0.1425303
0.1253254
0.1084782
0.1106735
0.1102739
0.1328953
0.1135955
0.1321975
0.1320315
0.142822
0.1381328
0.1229015
0.1148214
0.1433845
0.1411712
0.1333382
0.1465067
0.1331549
0.1132847
0.1195854
0.1053947
0.10905
0.1154166
0.08064427
0.07864103
0.07979559
0.0856918
0.09168258
0.08352371
0.06677569
0.07025423
0.08772537
0.08483216
0.08742927
0.1028137
0.0966105
0.08361165
0.0938318
0.1150201
0.1167839
0.1076657
0.1056399
0.1319903
0.1304091
0.1185788
0.1209255
0.1333408
0.1458022
0.1522561
0.148951
0.1227352
0.1215907
0.1387025
0.1105732
0.1093884
0.1270853
0.1358773
0.1404596
0.1757524
