0.01152316
-0.003709607
0.02551723
0.01445738
-0.006038737
-0.01835748
-0.02719378
0.002000808
0.04008557
0.01236996
0.02318381
-0.01181145
0.01312844
-0.02337119
0.01184802
0.02782695
0.008687327
-0.001831811
-0.02388651
0.009170612
-0.01222205
-0.01653772
-0.001262182
0.02180201
-0.008700907
0.01409456
0.02347577
0.01145299
0.01034423
-0.01383732
-0.007273058
-0.02210403
0.01821145
-0.008282439
-0.01306155
0.02821692
-0.02448968
0.01724102
0.005020185
-0.01310534
-0.02810729
0.01531364
0.01065128
0.00430189
0.01248025
-0.0221647
-0.01065893
0.02405136
-0.0008197736
0.006831486
0.03757151
-0.007003091
0.01907931
-0.008387501
-0.002354624
0.02175446
0.004576827
-0.0003003949
0.004825223
-0.004937728
-0.009524087
0.001110911
0.01720435
-0.02362339
0.02113462
-0.0212731
-0.03747795
0.0212383
0.009084496
-0.04062664
0.01472748
-0.004665432
-0.004954545
0.01073171
0.01280383
-0.001815131
-0.002395529
-0.006737325
-0.001030215
0.02503222
-0.002970796
-0.01287913
0.004984763
0.01060085
0.01819554
0.01819421
-0.01846396
-0.01991948
-0.0131035
0.003216109
-0.02169259
-0.02132008
0.01348544
-0.01078345
-0.03027688
0.01551135
0.01037437
-0.01000121
0.02160341
0.01081541
