0.3380181
0.3965702
0.5491754
0.5742208
0.5301076
0.6622016
0.7186022
0.6456523
0.5928157
0.6205591
0.6580158
0.7207993
0.7406798
0.7819181
0.7823198
0.7697456
0.789482
0.7657149
0.7523106
0.7253035
0.760519
0.7809112
0.8409474
0.855717
0.7338095
0.8367996
0.8746554
0.7918986
0.8020936
0.8197264
0.8423655
0.9111421
0.7965315
0.8211453
0.7233524
0.7144464
0.7418149
0.8513945
0.9106266
0.9122102
0.8640603
0.9292287
0.9076666
0.7495044
0.8415368
0.8170611
0.982551
1.020843
1.029253
0.962731
0.86431
0.9199884
1.119534
1.081371
0.9509215
0.958458
0.9134238
1.096816
1.021876
0.909155
0.9475711
0.9643171
0.9399584
0.9341204
0.8924268
0.740449
0.7774853
0.8006296
0.749131
0.7047517
0.6647025
0.6497364
0.7135419
0.7947995
0.8210893
0.87758
0.8103023
0.8494937
0.9042712
1.067495
1.00829
0.8828325
0.8966559
0.8472599
0.8930642
0.7595479
0.8002612
0.8670098
0.9732605
1.06351
1.128219
0.9520432
1.266679
1.020034
0.9991491
0.9207792
0.9305171
0.9611815
0.8623569
0.8793773
