0.255581
0.2177568
0.1825021
0.1735898
0.1746386
0.1572763
0.1572269
0.1109806
0.1106722
0.08971774
0.07861201
0.08073947
0.06789119
0.08862436
0.0834987
0.09424561
0.110912
0.09667413
0.1088707
0.1071863
0.1056359
0.1184732
0.1010353
0.1014959
0.07638649
0.07579541
0.09554717
0.09756324
0.08371564
0.08056576
0.07830876
0.07869014
0.07924157
0.07704326
0.08640666
0.1001472
0.09557904
0.09539057
0.08937668
0.09013572
0.07815158
0.08393815
0.08319761
0.07262713
0.07144107
0.07552503
0.08719944
0.07735159
0.08342457
0.09268834
0.0948351
0.08689685
0.08358636
0.07943402
0.08074092
0.08276626
0.08361482
0.1019925
0.1084884
0.08720815
0.1159163
0.09509207
0.1137205
0.1215724
0.1089596
0.1159833
0.1209807
0.1271102
0.120308
0.1057095
0.1073881
0.1183916
0.1191004
0.1124926
0.08364851
0.08639606
0.08962212
0.1078449
0.09365976
0.1117808
0.1045152
0.1179118
0.118125
0.1168922
0.1061918
0.1189721
0.1175874
0.1088847
0.08461548
0.09190952
0.1017742
0.09417459
0.1015967
0.09457544
0.101982
0.09930923
0.1135828
0.1059128
0.1096381
0.1247072
